Energy Spread: 

dE1 [ 1.30237  1.26565  1.23028  1.17744  1.15953  1.1192   1.09504  1.06482  1.06016]
yrms1 [ 0.00178282  0.00187122  0.00231786  0.00373046  0.00467923  0.00681293  0.00833136  0.0112356   0.0117179 ]
xrms1 [ 0.00185803  0.00195193  0.00232285  0.00370183  0.00464108  0.00677081  0.00828995  0.0112082   0.0116897 ]
zrms1 [ 0.00159951  0.00159126  0.00158097  0.00157714  0.00157587  0.00150712  0.00150436  0.00153902  0.00142156] 

GPHASE [-18.6508  -17.6488  -13.6792  -13.1553  -14.718   -11.9879  -10.3773   -9.17241  -9.9798 ]
P1 [  7.72314   6.5935    4.41437   7.18614  10.588    -5.03275  12.7539   4.23932  -4.12879]
P2 [-13.8897  -13.8435    1.10145  -4.51434  -2.34839 -10.4669   17.0899   3.59943  11.3947 ]
P3 [ 14.3225    5.6159   18.8932    6.28844  10.494     7.42976  17.9232  -4.48688  -7.34301]
P4 [  3.40475  -17.7691   -10.6708    -6.01801  -11.5176     6.95001   -5.61557   -7.13176   -0.159168]
P5 [-17.2779    6.81473  -6.32394 -10.5712  -17.5368   -2.34591   5.80055  -12.1647   -1.92137]
P6 [  3.66368    2.82833    9.45774   19.7595     0.431563  -7.52589   -5.43606    8.36221   18.5925  ]
FWHM [ 9.97146  9.85634  9.7536   9.82903  9.87453  8.66121  8.59429  9.15739   7.01437]
IM [ 235.466  240.989  231.884  225.084  219.24   211.264  205.398  193.094   194.341]
BF [ 431.162  312.891  359.763  308.288  320.028  314.035  307.065  309.448   307.369]



Bunch Length:
dE1 [ 1.30237  1.34734  1.3758   1.37257  1.38729  1.40951  1.33345  1.30327   1.27962  1.14103]
yrms1 [ 0.00178282  0.00206982  0.00237968  0.00239357  0.00269171  0.00284515   0.00336639  0.00355392  0.00402493  0.00906325]
xrms1 [ 0.00185803  0.00207975  0.00234569  0.00243347  0.00267834  0.00282332   0.0033674   0.00354767  0.00400152  0.0090255 ]
zrms1 [ 0.00159951  0.00148702  0.00137462  0.00134364  0.00126053  0.00122481   0.00119664  0.00119019  0.00117901  0.00115726] 

GPHASE [-18.6508  -19.7601  -18.1218  -18.6845  -18.2433  -16.323   -11.5051  -12.6683  -10.2564   -5.19415]
P1 [  7.72314  13.2368    2.87265 -18.5206   -5.59485 -17.8517   11.9459   16.0151   15.8866  -11.2994 ]
P2 [-13.8897    -8.72225   11.5175   -11.52      16.7969    -0.153742 -19.6093   14.8964   -17.2324   -17.5116  ]
P3 [ 14.3225  -17.167   -15.3304   -2.66134 -15.1314    2.13995  11.1789  -17.1267   11.1387   18.0251 ]
P4 [  3.40475   9.04274   9.15077  17.4029    7.27891  11.0762   19.0436   -7.57716 -13.5002   -3.42611]
P5 [-17.2779   16.6762   17.9875  -15.8659    2.45538  16.4149  -11.312   13.6487    8.38864   2.35107]
P6 [  3.66368   18.9906    19.1241    -6.54529   13.9036     0.907203  12.073    2.35053  -14.9574    13.5805  ]
FWHM [ 9.97146  7.47698  5.10838  4.38653  2.39903  1.57333  1.70065  1.52597   1.53061  1.52663]
IM [ 235.466  231.122  235.384  238.581  235.599  241.151  231.369  234.71   231.207  202.955]
BF [ 431.162  496.745  479.258  433.409  449.965  419.782  426.499  344.545   346.943  389.135]



x vs px
ind [[355 157  95  61  85]]
../phases/quads1-4_newobj/zrms
dE [[ 0.584405  0.589085  0.584546  0.568761  0.531559]]
yrms [[ 0.00292569  0.00176263  0.00712054  0.00108281  0.00715389]]
xrms [[ 0.00247965  0.0030581   0.00397626  0.00521615  0.018667  ]]
zrms [[ 0.00146814  0.00157611  0.00168263  0.00190972  0.00507683]]
IM [[ 196.809  209.646  211.12   211.023  183.57 ]]
BF [[ 476.584  395.407  357.006  328.764  333.019]]
Q1 [[-0.793332  1.10111  -0.71547  -0.205418  4.43045 ]]
Q2 [[ 0.886285 -1.88489   0.202015  0.373678 -4.28531 ]]
Q3 [[ 0.768063  0.387544 -0.73029  -0.256926  2.50005 ]]
Q4 [[-1.04841   0.605973  1.92128   0.251809 -0.991666]]


y vs py
../phases/quads1-4_newobj/zrms
dE [[ 0.786844  0.722771  0.697003  0.715061  0.716415  0.773751  0.693691   0.666352  0.583331]]
yrms [[ 0.00073908  0.00075163  0.00076076  0.00078435  0.00103062  0.00158852   0.00382809  0.00521771  0.0065232 ]]
xrms [[ 0.018004    0.0130664   0.0122277   0.0107629   0.00638059  0.0081201   0.00411505  0.0102487   0.0270591 ]]
zrms [[ 0.00369627  0.00307036  0.00287179  0.00261983  0.00200969  0.00205338   0.00156643  0.00260772  0.00570635]]
IM [[ 278.818  241.652  224.2    230.145  232.384  236.941  237.694  249.751   228.335]]
BF [[ 324.004  367.064  456.212  436.362  427.683  484.027  451.565  391.464   453.278]]
Q1 [[-2.46879  -3.73759  -3.15159  -1.50849  -7.05225  -0.352931  2.72476   4.81945   4.60746 ]]
Q2 [[ 3.50552   0.561703  3.93541  -2.59735   2.88888   1.4293    2.82828  -4.52845  -7.87643 ]]
Q3 [[-2.50408   2.52612  -4.20899   3.31315   4.4694    1.61566  -7.59568  -0.516793 -5.04772 ]]
Q4 [[ 1.192    -0.467089  2.30192  -0.269924 -5.03112  -3.56502   7.76588   3.79865  -7.17336 ]]


energy spread vs. zrms

    19_optLinac-40nC_0.json ... Found 169 json files.
matches optimizer file type. Stop reading further.

Done.

../phases/quads1-4_newobj/zrms
dE [[ 0.71342   0.661875  0.494272  0.493957]]
yrms [[ 0.00572291  0.00621643  0.00106383  0.00130244]]
xrms [[ 0.00338998  0.00287263  0.00292147  0.0234836 ]]
zrms [[ 0.00139442  0.00139538  0.00148717  0.00437211]]
IM [[ 261.401  239.132  191.72   189.206]]
BF [[ 400.129  443.289  312.787  304.26 ]]
Q1 [[-1.33187  2.19297  1.58479  1.68005]]
Q2 [[-1.264    -4.51869  -1.36785  -0.505338]]
Q3 [[ 2.49214   6.62847  -0.150284 -0.868281]]
Q4 [[ 0.776014 -3.07581  -0.265287 -1.03227 ]]


